
predicted = [58, 81, 220]
real = {'6': [60, 110, 190, 250]}
covering = 0.5728303650785666
f_measure = 0.4444444444444445