
predicted = [58, 79, 198, 216]
real = {'6': [60, 110, 190, 250]}
covering = 0.5945270089387736
f_measure = 0.4000000000000001