
predicted = [59, 71, 95, 107, 120, 176, 188, 203, 215, 239, 251, 263, 316, 328]
real = {'7': [60, 96, 114, 177, 204, 240, 258, 317]}
covering = 0.7974524076147816
f_measure = 0.6666666666666667