
predicted = [141]
real = {'7': [40, 96, 114, 177, 204, 240, 258, 317]}
covering = 0.3561235977043305
f_measure = 0.1818181818181818