
predicted = [61, 73, 95, 107, 119, 177, 189, 203, 216, 239, 251, 263, 317, 329, 348, 370]
real = {'7': [60, 96, 114, 177, 204, 240, 258, 317]}
covering = 0.7256874965579277
f_measure = 0.6923076923076924