
predicted = [61, 73, 96, 116, 128, 158, 170, 182, 207, 241, 261, 316]
real = {'6': [60, 96, 114, 174, 204, 240, 258, 317], '7': [60, 96, 114, 177, 204, 240, 258, 317], '8': [60, 96, 114, 174, 204, 240, 258, 317], '10': [2, 60, 96, 114, 174, 204, 240, 258, 317], '12': []}
covering = 0.6854505896099897
f_measure = 0.8619173262972736